3
3
56
3
98
9
104
16
110
23
116
29
122
35
129
42
135
48
141
56
148
64
154
72
158
80
162
87
166
94
170
102
174
110
179
117
183
124
187
132
192
140
197
148
202
156
208
164
213
173
217
181
221
190
224
199
227
207
230
216
234
224
238
232
242
240
246
247
250
254
255
260
261
266
268
271
275
276
282
280
289
286
296
291
303
295
310
300
317
306
323
314
328
321
333
328
338
336
342
344
346
351
350
359
354
367
358
375
362
383
366
391
370
399
371
46
1
550
9
552
18
550
27
549
36
547
45
545
55
544
66
543
74
542
82
541
90
540
98
539
106
539
114
538
123
538
132
538
141
538
150
537
159
537
167
537
177
537
186
536
195
535
203
535
211
533
219
530
227
528
235
525
243
523
251
520
259
518
267
516
275
514
283
512
291
511
299
509
307
506
315
504
323
502
331
500
339
498
347
496
355
494
363
491
371
489
379
487
49
1
771
9
769
16
765
23
761
32
757
40
753
48
750
56
748
66
744
74
742
83
739
91
736
100
734
108
731
117
728
125
725
135
721
144
718
152
714
161
711
169
707
177
703
186
700
194
696
202
692
210
688
218
684
226
680
234
677
242
674
250
670
258
666
266
663
274
659
282
657
290
654
299
650
306
646
313
642
320
636
326
630
333
624
340
618
347
613
354
609
361
604
366
597
368
589
371
581
58
1046
103
1038
106
1030
111
1022
115
1014
118
1005
121
996
124
987
128
978
132
969
136
960
140
951
145
941
149
931
153
923
156
912
161
901
165
890
170
882
173
874
176
866
179
858
181
850
184
842
187
833
190
825
192
817
194
808
197
800
199
792
201
784
204
775
207
766
210
757
213
749
216
741
220
733
224
725
228
717
233
709
237
701
242
693
247
685
253
679
259
672
264
665
269
659
275
652
280
643
284
636
288
628
292
621
296
614
301
607
305
600
310
593
314
585
318
577
321
52
1045
433
1037
432
1028
432
1020
432
1011
432
1002
432
993
432
982
433
971
434
963
435
955
436
947
437
938
438
929
438
920
439
910
440
901
440
892
441
884
441
874
442
866
443
858
443
850
444
842
445
832
446
822
447
813
448
804
449
795
450
787
451
778
453
769
455
761
456
753
458
745
460
736
461
727
462
719
463
711
464
703
464
694
464
685
464
676
463
668
461
660
460
652
460
644
460
636
460
627
460
619
459
611
459
603
459
56
1047
766
1039
763
1032
759
1024
756
1015
754
1006
751
995
748
987
746
979
744
971
742
963
740
954
738
944
736
935
734
926
732
918
729
909
727
901
724
893
722
883
719
874
716
865
712
857
708
849
705
842
700
834
696
826
692
819
688
811
684
803
680
795
676
788
671
781
666
774
660
767
654
761
648
754
643
746
637
739
631
732
625
725
619
718
614
711
608
703
605
696
601
688
598
680
594
672
590
663
588
654
585
646
582
638
579
630
577
622
574
615
569
609
563
58
399
371
379
487
371
581
376
582
383
586
389
592
396
597
404
602
412
605
420
608
429
611
438
613
446
615
454
616
462
614
470
613
478
613
486
611
495
609
504
607
513
605
522
604
530
604
538
604
547
603
555
602
563
600
567
593
574
588
578
581
585
577
592
573
600
571
609
563
603
459
577
321
572
313
564
310
556
307
548
303
540
301
532
300
524
302
516
304
508
307
500
310
491
312
483
315
475
318
467
321
459
323
452
327
445
332
438
337
432
343
428
350
426
358
418
361
