478215.6000001307
18909.950000007102
475932.4500001303
18909.950000007102
1091938.087499986
1199393.6544339173
1087782.9381754142
1195047.5000918303
1102230.083458186
1199324.838087968
1147345.996431675
1211595.587139239
1160691.4833975343
1187500.8776434532
1151173.775640869
1213420.7631736386
1200532.0133053272
1160156.6054868973
1186400.352723134
1195407.901878784
1155494.0772911555
1202670.890150182
1159909.57364629
1184048.1321929595
1178363.8786968589
1194091.1597827
1185307.2203147705
1167741.2330533762
1168596.3800668097
1184247.5130363011
1185004.9355139928
1192124.834955827
1190174.4601304205
763952.3170840754
1195209.0003886777
1152726.6611177535
1172546.6214398986
1195357.96592254
1173997.9090751403
1173014.3898963446
1159471.313906882
1196179.6775165424
1169919.1253105646
1189781.8072929299
